00111100100010010111001011111111111001010011011100010110111001110010001000111001000110101001100101101000001101111100111011111100
10000101110101011000111100000001001110001000001111100011111101001111111101100011001011100010111100000110100101001110000111100011
11111010011001110001000101000111100001000110001001100100100110000001101110110000011011001010011111000111001001100001101010011100
10010100110001011100100001000001110101100101100010110111011101010101011001111101010001111001000010111001111111010010111011110101
11100101010100000000100010011011101111110110010011001110110011101100011100100011110001010001111001010001011010000000110110011110
10110100001001001110011111000001011001011110010101100001100000100000011100110000101001101100010001000010011010100000100010010110
00000100001100000001011010111111111111111011011010101100110001111000101100011011011101110111100001011101010110011101010111001001
10001101001101011001100010001010001011111000001100010100100010110011110010010000011001010101110110001000010010011111101111000011
01111101001101000011000110111001111011111011111111111101010111000101011110101001110101000010100011100010000010101110010100110111
01111110110001110011000001100111010101110100010111011011111101000010111001010000001101110000110111110111010100100010101111100100
11110001100101101101110010111110000100001011110000110001010100000011011110101111101101000100100100001101011100111011110100110110
11011001110101111000101000100001010110010000011111010110001011110000001001001100101110111010011011011101100000010001011100101000
11000001001000100110100111100111010110010000010011000011001010101110110110111110100101001101001110011001000110000010011111011101
10010000000000000010100010110001000100111111110011011010111111011100101010011011110001010001101111111011010111000000011011000111
00000010110100101011101001000011001100111101001100011111111110000110100000100110111000110011111110001011001110111111111110101000
10100010001001110001111110110111101100010110001000001111100101110010111100010111111100010010100101010110011001100011010111101100
00101011100011000110011111100101101100001000000011011000110111001011001101001000011111101110000100100000001101000111101001001001
01101111101011000011011001110100011110100001111111110000011001000111100100111010100100101001111000101111001110000000011101010111
11100000110010010010001001100111000010101100101110111011101111011000010100111000111010100010111101100000011101110011001100100010
00000011000000100001010001001101000011111011000000101101011001100111000001101111101101000001101110001001110011101011000000110110
11000001100011100000000000011110011011001010100100110011010101110011111010010101100001101111000010101011110100000000010101000101
11101010010000001011110110111100011000000000110011111100101111100000100111100101110001011100000000111100010010001001100011111111
00110110111011001011011100010110001010001100000001100011110111111011011110110111001011100011100101001110101011111010110011101011
11101000000111000011111011001000111001101100101100011010101001010100111001111000011111001101000000111010101000001000100010110110
00110111110010000001001100000010001111010011111101101001101100111000101110000110000110001011000100001110000011000011101000100000
00011011011111110101111110110111100100001010111101010101010010100010000101010110111111111110110110110100101100010101110011000001
01001100101101001110010110010011111000000010101010010011010111001111111111011110101100011100001110111001100011011000011001001100
11111001001010110110000011100100001101001000011010010101011000000110000101000101001011010100100101101001101111110001101111111101
00000011010101101100111000111010010011110101111001110000110011010011000000110110000110101101010010110100011001011000010011110101
11101101001111000010110001001000110001101010010011011111010110011011111011010110001110110111110010111010100011011110100111100101
11001011011101000101101010011011111110011100010000101000010011110000101010011011101010011010101011001100111010001100111011111010
01010100010100010011100111011111001011010100101110101110011101101010111101000111001111110111001100110000100100000010101110010000
01101011010011001100011100100110101000111011101011010110101110000111100001111011110011001101101010101101001000100101101001111110
10001100110111110101000011110110100110101111010001001000101011001010100011110001101000010011111001011011110010100000000001111111
01011101011110100101001001010100101010101010010101001111010000010000010101100011111010011000101101101111111111000001001011001110
11000011101011001010100010011110010111000101101011001001000011000110010011001100010010100100000011000101001100001000110100101110
01010100100100010011001000110000101010010000001110010111000000001000001010010101110000100101011111111110110100111110100001100011
10001110010011110110110101101010110001100100001010001000110000011110000111111000000110100010011100111000110010010001100101100011
01011000100000100101100111111100001101111111100100110111100011011000111101011011001010100010111010011000101010010100110111101110
11101100001101010011010110001100000011011101010011111010010100100100011100111110110011010000010101110000011111000001100100101111
00001111001111111100101100011110010101010101001111110000000001000011010010110010001011010010110001100101111000000101001010000000
11000010100100111101010100101000100000010011000100000010100000000100101100001011111100110111111101111011111000111001010001111001
11101010100101001011100111000001110111100000100110000001000010101110110110101010000000101100100010001110110010010110101001011101
10101101001100001110101111110101111101000110111000100011100010110100001010110010000000100000011001111010001001101100100000001110
00110010111100011011011011110010001000011111111110000101010011011110101110011101001011111010110101111001110000100001000101110100
11100011111111011001000010011010011010100011111101000111111010111010000010001111000011000101111110101000000110100101001011111000
11001101101100101111001100011010000110100011001101001111100000000001011111011101001011101011010000101010111111011010110011111111
10100100011101111010100010101011011100101000111111111010011110001011000100111100001101100011101000000010010100100110000010100100
10000100001011010100000101100100000000101010111111110100111101100110000101101010011001010110101100100110100000001101011000010100
11011100100000011111001001001010010110100101110001101001100011110101110100011111001000110101010100011001110001001101101011100010
01100111001011111100110100100000110110010001110001100111101100011010010010011011101000110010010011000000001110101001110101000000
11011010101010001110011011111110010001010111011100111010000101001001100101000111100101100100100001111111011010100111111101111111
00101011110011101010101000111110100101010000010111111011001110110100101111110100011010110000001011001000111011010111110111101000
11111110010100111000110101110111000110001011100011100110001000001000000100110101010001000110010110100011000000001011110111110001
01111101100110000101001110010001000110100101100110010111010000100111100010100111100111011001111110101100101110010000011111001100
11000111100000110010101001110110010001111100111110000110101110110010100110101011011010100011110111101110100100001110000000011000
00011001000100101001010110000100100000110101111101000011001111100100101011111001101011111100000010110010001101011110010100100110
00100000011001101101001010010110100001000001101011010111110110100001111110000111110101010011000100011110111110001011110011100110
01010100011110100010110111111011110100111100100101101110101000110100001110000010010101111011000001101010010001100111100000000010
10000001101100100011001001100011010010111101101101011011101100100111100011111101010110000101011000111000111000101010010010111111
